RUN	File	Counts	Error	Data	Ora	Durata	Volume	Rate	ErrRate
RUN3793	0	587.1297169937791	18.94127070173996	20250210	00:00	2772.040283203125	40.0	6.337943340152712	0.20446708286679083
RUN3793	1	1143.957087651603	27.889296039579634	20250210	00:00	5597.095703125	40.0	12.117041315079362	0.2954094659737668
RUN3793	2	1743.4239295312736	33.46048211294142	20250210	00:00	8420.107177734375	40.0	18.48009444527197	0.3546772871230106
RUN3793	3	2331.01389180274	36.932909216166834	20250210	00:00	11458.1015625	40.0	22.95999145599909	0.36378130693703303
RUN3793	4	2976.722265506871	40.727695745447946	20250210	00:00	14635.28271484375	40.0	28.03562004663212	0.3835850648632099
RUN3793	5	3638.032881147489	47.55646627338366	20250210	00:00	17777.908935546875	40.0	34.640784389294396	0.4528252900159116
RUN3793	6	4259.511347016192	52.47077875346917	20250210	00:00	20929.6455078125	40.0	40.44116849437051	0.49817442230464765
RUN3832	0	860.0845417640401	35.444295063479224	20250210	10:17	1180.8958740234375	40.0	21.79432205454761	0.8981493610215419
RUN3840	0	556.7602894632008	16.62258945236573	20250210	11:25	2743.185546875	40.0	6.073330219031768	0.181324847964546
RUN3840	1	1173.1013232827768	23.513751075261705	20250210	11:25	5597.270263671875	40.0	12.299359390465478	0.24652949353367573
RUN3840	2	1834.0310133233556	32.562374951654846	20250210	11:25	8418.287353515625	47.0	19.454263115406842	0.34540147106026015
RUN3840	3	2580.105292729587	33.14720377403589	20250210	11:25	11182.294921875	54.0	27.93264288192851	0.35885706221513386
RUN3840	4	3417.3723017906495	41.13729777676393	20250210	11:25	13983.41455078125	61.0	36.50685874523459	0.43945856244871456
RUN3840	5	4329.048750197439	53.89091531089698	20250210	11:25	16759.078125	68.0	46.67018018502887	0.5809818445174553
RUN3840	6	5188.838531969486	62.304337428211326	20250210	11:25	19386.42529296875	75.0	59.097147779439936	0.7096016986478754
RUN3840	7	6121.821714834409	75.92542055742763	20250210	11:25	21936.961669921875	82.0	71.82290760830193	0.8907780591851322
RUN3840	8	7218.066547347967	82.35503247247588	20250210	11:25	24636.311279296875	89.0	80.01576700203084	0.9129454607457831
RUN3840	9	8512.09961148373	84.95999974676471	20250210	11:25	27426.888916015625	95.0	91.27596116291333	0.9110332340125299
RUN3840	10	9849.039701425127	91.07648219268204	20250210	11:25	30182.71044921875	100.0	106.94404977542263	0.9889378193465115
RUN3840	11	11371.428973706028	95.79977918109563	20250210	11:25	32998.75830078125	100.0	120.83391311609985	1.0179777951281883
RUN3840	12	13042.716904292602	98.12176011248467	20250210	11:25	35679.2236328125	100.0	145.60346172837262	1.0953904809937756
RUN3872	0	1754.4462994018002	27.414534108318833	20250210	21:30	2876.522705078125	100.0	7.300390510383847	0.11407405556910132
RUN3872	1	1762.5420311666944	26.959608663438647	20250210	21:30	5768.005615234375	100.0	7.296131807505729	0.11160066245740412
RUN3872	2	1690.0015723563092	29.294821946874315	20250210	21:30	8522.63623046875	100.0	7.3434062910470645	0.12729205895343695
RUN3872	3	237.07043686410714	10.848408809490115	20250210	21:30	8937.546966552734	100.0	6.83906207902178	0.31295737371605864
RUN3885	0	1768.7870290744704	29.835674626387462	20250211	03:34	2955.83544921875	100.0	7.162573803853756	0.12081738388317279
RUN3885	1	3646.99883352822	42.338441432045485	20250211	03:34	5914.59326171875	100.0	14.753668641720045	0.1712770867795883
RUN3885	2	5383.92350903894	51.54991746778424	20250211	03:34	8869.794921875	100.0	21.806480507001133	0.20879239248319414
RUN3885	3	7079.095436901366	57.83573361772292	20250211	03:34	11790.735595703125	100.0	29.008738932348052	0.23699944610603024
RUN3885	4	8758.521893366487	66.16314136958209	20250211	03:34	14739.68408203125	100.0	35.5498237789528	0.26854851137975744
RUN3885	5	10475.498229807281	65.16194860336412	20250211	03:34	17684.6328125	100.0	42.57657945773288	0.26484400278332915
RUN3885	6	12247.686076073243	77.20443236263156	20250211	03:34	20638.506103515625	100.0	49.62905467230772	0.3128413784343154
RUN3885	7	13951.379293375132	96.97075610183684	20250211	03:34	23585.209228515625	100.0	56.670178527697416	0.3938929581583655
RUN3885	8	15637.043390113155	94.70672225226497	20250211	03:34	26512.21875	100.0	63.94466619426417	0.38728483318035684
RUN3885	9	17297.524545561053	103.59202424728095	20250211	03:34	29469.3251953125	100.0	70.01495535219159	0.41930803066140526
RUN3885	10	18888.60888832387	113.36230685891067	20250211	03:34	32475.261474609375	100.0	75.21319240169514	0.4514012147368816
RUN3885	11	20571.66112510695	121.94604751048247	20250211	03:34	35494.02783203125	100.0	81.56684774674453	0.48351733144510883
RUN3885	12	22138.003344848592	132.9375085443975	20250211	03:34	38496.350341796875	100.0	88.25817134266815	0.5299855286953427
RUN3885	13	23685.81948385336	133.84828348804956	20250211	03:34	41494.64599609375	100.0	94.55571398226489	0.5343332122893535
RUN3885	14	25248.780032172912	139.09868322192364	20250211	03:34	44500.6640625	100.0	100.53623816218784	0.5538666948116517
RUN3885	15	26846.581720879098	154.85398014353223	20250211	03:34	47523.762451171875	100.0	106.29443629643508	0.6131177778515751
RUN3885	16	28457.932446181105	152.4061781165194	20250211	03:34	50469.370361328125	100.0	115.63844024932827	0.6193005326400884
RUN3885	17	30122.79358546536	164.43093350344122	20250211	03:34	53538.482421875	100.0	117.47793892735321	0.6412754218521636
RUN3885	18	30457.80335803008	163.1540622583468	20250211	03:34	54190.640686035156	100.0	559.009765714911	2.9944613223208267
RUN3889	0	1554.9719622251498	27.374366811199085	20250211	18:42	2968.616943359375	100.0	6.269634438612708	0.11037322669735701
RUN3889	1	1600.485927440662	27.573315406034684	20250211	18:42	5932.7548828125	100.0	6.462897501150157	0.11134337902055284
RUN3889	2	1558.8623648242822	26.018398842098712	20250211	18:42	8867.031494140625	100.0	6.358878672220269	0.10613370700048405
RUN3889	3	1484.500987730074	30.47119821111255	20250211	18:42	11810.09033203125	100.0	6.0374752688307565	0.12392656329083089
RUN3889	4	1522.3523137775164	30.012827161478143	20250211	18:42	14758.66552734375	100.0	6.179833615694626	0.12183400420255243
RUN3889	5	1590.0793169303329	33.13352755564047	20250211	18:42	17769.721923828125	100.0	6.320824282120783	0.13171116893106927
RUN3889	6	590.7853386654549	15.549325037064095	20250211	18:42	18963.284057617188	100.0	5.924592648623666	0.1559338236350797
RUN3896	0	1520.1718308543068	26.00913560608506	20250212	07:58	3078.15966796875	100.0	5.911195946406557	0.10113665695135708
RUN3896	1	1715.2350015925695	33.96605878698748	20250212	07:58	6213.976318359375	100.0	6.547067027877623	0.12964874395914505
RUN3896	2	1616.1819375035122	29.009423528980957	20250212	07:58	9349.1044921875	100.0	6.1703353273634205	0.11075353997818688
RUN3896	3	1478.4957072186735	25.754676239055353	20250212	07:58	12499.429931640625	100.0	5.617440307699637	0.09785307844361955
RUN3896	4	1510.4796951822261	28.495558867719453	20250212	07:58	15648.4375	100.0	5.741362993397714	0.10831217902573209
RUN3896	5	1397.1770007764046	31.164791146658533	20250212	07:58	18781.831298828125	100.0	5.337160546154238	0.11904826206318399
RUN3896	6	1501.0293894230476	25.434226308922685	20250212	07:58	21926.28564453125	100.0	5.713703771600354	0.09681598229391546
RUN3896	7	1473.170596090457	29.43889137923801	20250212	07:58	25078.64599609375	100.0	5.593594812553923	0.11177879231587172
RUN3896	8	1522.87180204812	30.532740282027262	20250212	07:58	28196.53271484375	100.0	5.846242579716022	0.11721394149667108
RUN3896	9	844.6071828762832	19.71072993808226	20250212	07:58	30031.932373046875	100.0	5.508050869776296	0.12854224470321904
RUN3897	0	1476.6856474732672	27.859576138966585	20250212	16:23	3145.143798828125	100.0	5.619806544838371	0.1060248866033769
RUN3897	1	1398.3107115602577	22.3646959885701	20250212	16:23	6284.941162109375	100.0	5.330597393699419	0.0852580110857673
RUN3897	2	1389.4353605611936	24.514261817087924	20250212	16:23	9439.652587890625	100.0	5.271722328575058	0.0930107186400383
RUN3897	3	1434.939519270322	28.10510736050724	20250212	16:23	12592.125732421875	100.0	5.448237354133104	0.10671062696865524
RUN3897	4	1358.8441989275955	24.299344981734325	20250212	16:23	15731.141845703125	100.0	5.181433613035819	0.0926562757985621
RUN3897	5	1412.1902787997708	24.49915715232627	20250212	16:23	18906.369873046875	100.0	5.3234369746069605	0.09235279479635332
RUN3897	6	64.21717415377526	6.5584332204608655	20250212	16:23	19063.904006958008	100.0	4.879219315525513	0.4983095950660981
RUN3903	0	284.5623599150385	12.18533682421102	20250212	21:48	644.8483276367188	100.0	5.281942808985562	0.22617978088502275
RUN3911	0	1327.2555012093887	25.47892622675551	20250213	00:00	2943.119873046875	100.0	5.397844898021225	0.10362081137718664
RUN3911	1	1286.6358326342254	24.336399874135477	20250213	00:00	5879.684326171875	100.0	5.244328931358415	0.09919519005135546
RUN3911	2	1308.8823220217257	24.294908688579255	20250213	00:00	8825.4287109375	100.0	5.318379969754009	0.09871747334532177
RUN3911	3	479.24410875754114	15.136396164612618	20250213	00:00	9919.911743164062	100.0	5.241089406911121	0.16553402357481356
RUN3919	0	1358.688942768219	26.58202898045507	20250213	05:12	2970.3232421875	100.0	5.475075924737894	0.10711695835623077
RUN3919	1	1264.2775220080339	25.083493051045014	20250213	05:12	5943.869384765625	100.0	5.089106657684342	0.10096878989140244
RUN3919	2	1194.662212413199	24.715769035752956	20250213	05:12	8888.935546875	100.0	4.855387430614312	0.10045068226587148
RUN3919	3	1242.1665186968612	23.26667392961604	20250213	05:12	11830.1455078125	100.0	5.055075070929977	0.09468519847761346
RUN3919	4	1202.7423181920353	22.476283253715234	20250213	05:12	14862.192138671875	100.0	4.747998074175586	0.08872835684677881
RUN3919	5	1288.0390186244604	28.283817444064876	20250213	05:12	17908.373779296875	100.0	5.061124742106366	0.11113632909991253
RUN3919	6	1275.0290422433375	24.37369108959915	20250213	05:12	20996.49853515625	100.0	4.941958097554619	0.09447138540123619
RUN3919	7	1281.9071848349095	24.678372842559398	20250213	05:12	24005.9345703125	100.0	5.098533571315943	0.09815337171968884
RUN3919	8	1165.689585270634	21.554744447681394	20250213	05:12	27079.242431640625	100.0	4.539945799114524	0.08394805336063724
RUN3919	9	1211.6596785259055	23.83978481380677	20250213	05:12	30160.89013671875	100.0	4.7062119873009305	0.09259619929080058
RUN3919	10	1205.6553687962023	21.534134093565964	20250213	05:12	33165.4970703125	100.0	4.802964070314004	0.08578543671230812
RUN3919	11	818.4065237727078	22.00054143460242	20250213	05:12	35079.474853515625	100.0	5.118067493990373	0.13758474877199162
RUN3936	0	1131.3209715103046	21.375941192592585	20250213	16:11	3008.95361328125	100.0	4.5003279569326375	0.08503223062005809
RUN3936	1	1158.1836416749095	22.357590627713915	20250213	16:11	6082.555908203125	100.0	4.510280721294117	0.08706651204029749
RUN3936	2	1257.4475364816417	27.105788278280777	20250213	16:11	9220.52490234375	100.0	4.7963961402487145	0.10339206567624688
RUN3936	3	1223.1617893728865	24.31715044777464	20250213	16:11	12357.125732421875	100.0	4.667652017191962	0.09279557072994332
RUN3936	4	1278.9764754439814	25.000481746189998	20250213	16:11	15437.244873046875	100.0	4.970142714592365	0.09715265651699467
RUN3936	5	1259.6539990649662	28.05707805602071	20250213	16:11	18570.73828125	100.0	4.81167519067544	0.10717351471531869
RUN3936	6	168.7629740352759	9.541317077858087	20250213	16:11	19067.406707763672	100.0	4.067096117070294	0.2299405652271911
RUN3937	0	1177.5470171742606	21.404393513501418	20250214	00:00	3139.35498046875	100.0	4.489641349069879	0.0816086735972411
RUN3937	1	1193.254813604096	22.689946894003455	20250214	00:00	6280.648681640625	100.0	4.546722723007049	0.08645671984778375
RUN3937	2	1146.2311146876857	23.533939509829125	20250214	00:00	9420.693603515625	100.0	4.369282754515011	0.08970829244511741
RUN3937	3	1085.3902289099717	23.239009488462912	20250214	00:00	12569.29931640625	100.0	4.126116129183346	0.08834320534918416
RUN3937	4	1065.8435068773135	20.506308107122894	20250214	00:00	15710.023681640625	100.0	4.061976800111251	0.07815044821270789
RUN3937	5	1091.4512206733382	22.508095457314596	20250214	00:00	18832.049560546875	100.0	4.184481486733681	0.08629309946134188
RUN3937	6	1149.6130379017882	28.151051997976705	20250214	00:00	21974.733154296875	100.0	4.378494824821039	0.10721802156260778
RUN3937	7	1158.8423032852259	24.708060222204637	20250214	00:00	25111.178466796875	100.0	4.422424625358624	0.09429197886697024
RUN3937	8	1110.3100478360275	22.938289235901845	20250214	00:00	28262.518798828125	100.0	4.2171862396009505	0.08712434685623763
RUN3937	9	833.148718073471	18.47745946740719	20250214	00:00	30613.15087890625	100.0	4.242400742165042	0.09408738927080733
RUN3938	0	1093.2770517287486	25.618991051018185	20250214	08:39	2889.5205078125	100.0	4.528749192328681	0.10612313214396488
RUN3938	1	1072.2172985476436	26.063429304127364	20250214	08:39	5852.15185546875	100.0	4.331905902457469	0.10529985236552815
RUN3938	2	1062.667410242078	25.180149436159176	20250214	08:39	8801.21630859375	100.0	4.313074065479868	0.10219928497973367
RUN3938	3	1029.3488077525164	21.672308816021907	20250214	08:39	11747.754150390625	100.0	4.181425479926023	0.08803735294550141
RUN3940	0	1027.4375478752956	26.679441637995893	20250214	12:11	2973.344970703125	100.0	4.136032589799401	0.10740024084246862
RUN3940	1	1038.533853162981	21.285663111826846	20250214	12:11	5927.099609375	100.0	4.20842953338686	0.0862554581198398
RUN3940	2	974.7825629705399	20.284582302649376	20250214	12:11	8890.584716796875	100.0	3.9371215355389517	0.08192890276965982
RUN3940	3	1018.3873534408528	21.23976715995836	20250214	12:11	11945.749267578125	100.0	3.9898099565648155	0.0832125754543181
RUN3940	4	703.9164630925786	20.090746867676202	20250214	12:11	14195.3466796875	100.0	3.7453304141909483	0.10689689648219358
RUN3945	0	2081.826859496545	37.28521505291891	20250214	17:10	6297.83154296875	100.0	3.956647734711197	0.0708629831555866
RUN3945	1	2076.2278083048336	33.816065656341785	20250214	17:10	12902.0908203125	100.0	3.762917589884363	0.06128762353049577
RUN3945	2	264.3892073362201	11.219326032585753	20250214	17:10	13698.867736816406	100.0	3.971739880542005	0.1685403314506605
RUN3947	0	2134.5691328175303	34.911317239834936	20250214	21:21	6299.6376953125	100.0	4.055724725786065	0.06633221213710087
RUN3947	1	1035.755081126067	24.01180289706121	20250214	21:21	9457.48486328125	100.0	3.925904976461327	0.09101384893511061
RUN3949	0	1938.7580966922021	36.13832052526959	20250215	05:39	6298.8505859375	100.0	3.6841400939130966	0.06867212356249179
RUN3949	1	1670.833213484615	27.588480430947076	20250215	05:39	12140.27001953125	100.0	3.4236434316206448	0.05653054958060084
RUN3950	0	1124.7903818431168	23.6437798840383	20250215	09:06	3781.21728515625	100.0	3.560522856241599	0.07484436215316564
RUN3951	0	2035.6127970867649	28.59126157385137	20250215	10:15	7202.31494140625	100.0	3.382960156058137	0.0475154699627547
RUN3951	1	1837.22252268073	31.657355315490356	20250215	10:15	13366.47705078125	100.0	3.5674798416930034	0.06147158307450748
RUN3975	0	1732.2459029491943	32.02767241498793	20250215	21:17	6146.01123046875	100.0	3.373572220505914	0.062374323277493614
RUN3975	1	372.67083975447883	14.348547588859589	20250215	21:17	7545.0997314453125	100.0	3.1882622964709206	0.12275426034625764
RUN3976	0	1695.73068376415	29.47444350188007	20250216	00:18	6452.1474609375	100.0	3.1457659896050867	0.05467831821320446
RUN3976	1	1833.296214629063	31.615114225305984	20250216	00:18	12930.615234375	100.0	3.3871478760631972	0.05841121917191512
RUN3976	2	360.453354190871	14.550578703795432	20250216	00:18	14300.347900390625	100.0	3.1498297210034885	0.12715055839027067
RUN3977	0	1815.7709823107243	31.47897741894738	20250216	04:22	6537.76123046875	100.0	3.3243430560717164	0.05763222400533348
RUN3977	1	1648.023635362446	26.48492276452175	20250216	04:22	13120.59814453125	100.0	2.996568145988907	0.04815700102971402
RUN3977	2	368.37024480145027	15.0977133783098	20250216	04:22	14643.59619140625	100.0	2.895069638787342	0.11865489201012168
RUN3978	0	1572.1784069027808	28.24106251691971	20250216	08:31	6352.71875	100.0	2.9622111830300937	0.05321024054329519
RUN3978	1	1647.3672266762535	30.605307240448752	20250216	08:31	12875.9375	100.0	3.022750473112641	0.056157610423923435
RUN3978	2	356.16021249566654	12.670300314345797	20250216	08:31	14384.871948242188	100.0	2.82519771874896	0.10050562159407268
RUN3990	0	1247.8375628101755	26.06398619471652	20250216	17:31	5683.19580078125	100.0	2.6280840737508675	0.05489364085381129
RUN3990	1	1313.2376816991436	25.14082780549217	20250216	17:31	11415.0400390625	100.0	2.74234931955825	0.05249996477128009
RUN3990	2	563.9321568744738	16.326414924377314	20250216	17:31	13778.607177734375	100.0	2.855832523159043	0.08267928359688193
RUN4002	0	1247.9771903587516	23.50760641440664	20250216	21:37	5446.6787109375	100.0	2.7425130851867006	0.05165953247462487
RUN4002	1	715.7878058550718	20.280030844083047	20250216	21:37	8544.52099609375	100.0	2.765660139896507	0.0783579609523391
RUN4005	0	1278.3646776840885	25.12857510448803	20250217	01:43	5664.3642578125	100.0	2.7013285399855587	0.05309950930582489
RUN4005	1	1223.0611640969878	24.789318934920548	20250217	01:43	11386.41015625	100.0	2.5584130262696543	0.05185457468292605
RUN4005	2	746.5022477056341	17.896832972357835	20250217	01:43	14382.225830078125	100.0	2.9825645359964335	0.07150475366157863
RUN4006	0	1251.147298512037	26.396107139472605	20250217	08:37	5738.76806640625	100.0	2.6095377754276363	0.05505477955042413
RUN4006	1	1195.6763785292333	24.667476919915742	20250217	08:37	11537.03662109375	100.0	2.4682499768591835	0.05092138678163899
RUN4006	2	639.308566084567	17.535302173976724	20250217	08:37	14383.911865234375	100.0	2.6879173228119684	0.07372565451897864
RUN4007	0	1254.6153772282987	22.70969067909301	20250217	09:55	5488.43896484375	100.0	2.736122804446189	0.0495263358610012
RUN4007	1	1315.1164716780231	27.935262808812997	20250217	09:55	11131.02978515625	100.0	2.789712688933947	0.05925814086034043
RUN4007	2	638.128477979357	17.06539079287575	20250217	09:55	14164.768798828125	100.0	2.517698541917721	0.06733050004684056
RUN4036	0	1135.047746629874	24.585616544828152	20250217	21:29	5696.8681640625	100.0	2.3847989957820928	0.051655759698987294
RUN4036	1	630.7056298860233	20.478270620488093	20250217	21:29	8917.25146484375	100.0	2.3441908164588763	0.07611312100414092
RUN4045	0	1123.0136505032083	23.594393900432056	20250218	01:40	5923.634765625	100.0	2.2691885339913274	0.047675402771234957
RUN4045	1	1088.6122065274074	24.024198327688346	20250218	01:40	11890.359375	100.0	2.183790762270881	0.04819330709723078
RUN4045	2	489.1300602955783	13.87344840047929	20250218	01:40	14363.02587890625	100.0	2.367732452833857	0.06715721783829963
RUN4049	0	955.6076507701574	23.180772963746154	20250218	08:08	5244.7412109375	100.0	2.1808679633030836	0.052902679337584704
RUN4049	1	961.2467123654233	22.550352578771207	20250218	08:08	10797.37451171875	100.0	2.072095142397792	0.048610284370019255
RUN4049	2	605.2045632461554	20.049920477180947	20250218	08:08	14383.107421875	100.0	2.0202172507292997	0.06692810610431048
RUN4050	0	966.8970713541225	24.300358797209213	20250218	12:10	5217.23046875	100.0	2.2182681386552874	0.05575020679527792
RUN4050	1	197.6677155221553	11.10816785766159	20250218	12:10	6392.18701171875	100.0	2.0136674851998926	0.11316039331981144
RUN4072	0	788.5106338499395	16.754226910527812	20250219	00:00	5731.03857421875	100.0	1.646827238150262	0.034991686917006354
RUN4072	1	725.9445285000078	19.555646466714393	20250219	00:00	10857.38134765625	100.0	1.6949996499005358	0.04566025724189915
RUN4074	0	779.1018260959739	20.312666338855593	20250219	03:00	5939.59375	100.0	1.570042104401928	0.04093398364175114
RUN4074	1	804.4652095086398	19.930737149336004	20250219	03:00	11961.9921875	100.0	1.5988642825544417	0.039612084371576574
RUN4074	2	400.8119612653264	13.916725135486118	20250219	03:00	14897.161865234375	100.0	1.6344862814696663	0.05675154066043069
RUN4075	0	555.6726403902975	17.213736461881467	20250219	07:25	3713.047119140625	100.0	1.791275442506376	0.05549048334697038
RUN4077	0	812.3302276038968	24.531092735757596	20250219	09:37	5940.43701171875	100.0	1.6367714356879717	0.049427917996521104
RUN4078	0	807.7888137791196	21.71160240241455	20250219	11:23	6229.5302734375	100.0	1.552088040877892	0.04171674311684357
RUN4078	1	632.9220524835255	15.4846330822168	20250219	11:23	11168.11572265625	100.0	1.5339862747207325	0.03752944698956502
RUN4082	0	672.4385215920811	20.81195622735111	20250219	16:25	3908.098388671875	107.5	1.9158100630396402	0.05929427582093077
RUN4083	0	775.4000432183825	22.06368479848926	20250219	17:35	3591.6748046875	114.0	2.2667194956018917	0.06449855776377011
RUN4084	0	903.6074585881589	26.436325020580632	20250219	18:37	3628.888916015625	121.0	2.4631711034546075	0.07206358386413783
RUN4085	0	1126.4191319060924	25.258737595840373	20250219	19:40	3571.928466796875	128.0	2.9489072567629253	0.06612607375285058
RUN4086	0	1326.167474634611	27.447321391642884	20250219	20:42	3565.7080078125	135.0	3.297559540886961	0.06824867768057734
RUN4087	0	1512.2830259444622	20.907494348461896	20250219	21:44	3546.608154296875	142.0	3.5942256856376673	0.04969060150803135
RUN4091	0	1014.401239611609	20.18758724417797	20250219	22:45	2137.56298828125	148.0	3.83798217415316	0.07637963850673324
RUN4093	0	1018.6794112306064	24.55553986835593	20250219	23:24	2090.20654296875	149.7	3.8967302588927315	0.09393172589291503
RUN4094	0	1724.95828590854	30.9349569343486	20250220	00:38	3568.072021484375	149.7	3.8654227937911028	0.06932149527082383
RUN4095	0	1752.1842506209439	31.323658420490716	20250220	01:38	3551.972900390625	149.7	3.9442292266000822	0.07051067202684538
RUN4096	0	1720.1496920437658	33.67859716976689	20250220	02:40	3598.716796875	149.7	3.821823171994319	0.07482700119589507
RUN4097	0	1849.598205858893	33.19346171521417	20250220	03:43	3573.217529296875	149.7	4.138757281000074	0.07427541880191499
RUN4098	0	1663.5796109880368	29.326966327481625	20250220	04:47	3567.2197265625	149.7	3.7287712909771233	0.06573388455297235
RUN4105	0	1685.7896760017936	28.191065009048977	20250220	11:40	3663.794921875	149.7	3.678953101997526	0.061522269082601916
RUN4106	0	704.61911248886	20.571770879191515	20250220	12:45	1537.612548828125	149.7	3.6640342320612107	0.10697364204220242
RUN4107	0	932.5965776880262	23.66363195260528	20250220	13:22	2075.6005859375	149.7	3.592543628257285	0.09115691846469134
RUN4116	0	1476.5854302404996	28.339311844533142	20250220	19:03	3406.462158203125	149.7	3.4658281771791093	0.06651778048267154
RUN4117	0	1532.1255963023716	27.038489153949183	20250220	20:02	3570.165771484375	149.7	3.4312945809022892	0.060554449017521154
RUN4118	0	1503.5594658370921	27.819748132366158	20250220	21:03	3439.50048828125	149.7	3.4952420121895784	0.06467103872519145
RUN4120	0	1486.048959672773	24.210856055575487	20250220	22:52	3555.759033203125	149.7	3.341587319172439	0.05444146981498847
RUN4121	0	1443.4469151166936	28.746808018503163	20250221	00:00	3372.587890625	149.7	3.422075275770895	0.06815196315653858
RUN4122	0	1565.573567370877	27.359989430094625	20250221	01:00	3771.62158203125	149.7	3.3189246005460986	0.05800158094308885
RUN4123	0	1656.4734736089308	30.767310201518317	20250221	03:28	3997.576904296875	149.7	3.3131391501945533	0.06153819037786554
RUN4129	0	1365.982637063338	25.670732656899116	20250221	08:00	3582.638916015625	151.0	3.0223100217927588	0.05679787610075705
RUN4130	0	1846.8522267806372	29.058151507982256	20250221	9:21	4598.46240234375	159.7	3.01015188624586	0.04736136887629834
RUN4132	0	1679.2769199183226	28.098358515177306	20250221	10:51	3584.264892578125	159.7	3.511487469687046	0.05875566600987908
RUN4133	0	1584.2489482884375	31.606189016914378	20250221	11:53	3840.23681640625	159.7	3.0919632469664045	0.06168549136330565
RUN4134	0	1632.7631764148175	28.128522969022345	20250221	13:00	3587.925537109375	159.7	3.410740501578668	0.05875873116558835
RUN4135	0	1584.3644566755283	27.83054329084685	20250221	14:01	3582.571533203125	159.7	3.314584709846111	0.058223152425492086
RUN4136	0	1668.6261238939712	32.80236159782974	20250221	15:03	3583.099365234375	159.7	3.4903508862054586	0.0686143829544239
RUN4137	0	1612.5966166138403	32.4753663731157	20250221	16:04	3565.647705078125	166.5	3.25122400898658	0.06547495496711252
RUN4138	0	1645.6999998904355	26.18263311304833	20250221	17:12	3602.135009765625	174.0	3.1427892068000647	0.05000090949673245
RUN4139	0	1321.0936021805278	27.193786898903834	20250221	18:16	2854.310791015625	180.8	3.064133777598502	0.06307304860171477
RUN4143	0	1816.7170794093574	29.481549334725834	20250221	21:45	3818.037841796875	183.2	3.1088188731318764	0.05044968092156757
RUN4145	0	1757.3667936759978	28.77739709532845	20250222	00:01	3839.296142578125	183.2	2.9906056714069194	0.048972045717102196
RUN4146	0	1704.0259903634546	28.544327174808437	20250222	01:10	3639.38671875	183.2	3.0591189041199742	0.051243637925509136
RUN4147	0	1620.6081842872227	25.668831767668184	20250222	02:16	3397.156494140625	183.2	3.11681355089069	0.04936724586775395
RUN4148	0	1614.4318365101767	26.364115363886143	20250222	03:15	3531.48974609375	183.2	2.98682730451223	0.04877571034425593
RUN4149	0	1787.4343952129586	31.698719591108134	20250222	04:23	4095.690673828125	183.2	2.851355127327415	0.05056650295970812
RUN4150	0	1724.2825300350219	32.074388486964374	20250222	05:43	3626.02294921875	183.2	3.1068925150779645	0.0577931259988051
RUN4151	0	1626.6672938361794	31.399893459188043	20250222	06:46	3636.896240234375	183.2	2.922241963838366	0.05640863787830853
RUN4152	0	1682.2516663263236	29.805123997948893	20250222	07:49	3582.313720703125	183.2	3.068143724357139	0.05435952656696876
RUN4153	0	1487.8292720612117	33.41412416282879	20250222	08:51	3585.60107421875	183.2	2.7110621817015415	0.06088586241284672
RUN4155	0	1592.803787267355	26.635268124279467	20250222	10:25	3582.4111328125	187.0	2.845896265589612	0.047589797747725725
RUN4156	0	1628.1553490483896	33.97990504858097	20250222	11:25	3581.97216796875	194.0	2.804437217095514	0.05852912647881491
RUN4158	0	1666.6455237275195	29.098449187780616	20250222	13:13	3589.41015625	203.0	2.7377761353417767	0.0477996302318606
RUN4159	0	1876.9026833033708	34.767287566120004	20250222	14:15	3583.865966796875	203.0	3.08793234580703	0.057200105688188035
RUN4160	0	1969.6829728133887	30.01926294135549	20250222	15:17	3937.322265625	203.0	2.949668079689113	0.04495487999646716
RUN4161	0	1742.1283901831403	30.63246698310841	20250222	16:25	3587.6455078125	203.0	2.863178436378155	0.05034429116322577
RUN4162	0	1734.417968648914	38.37612159825017	20250222	17:30	3578.99267578125	203.0	2.8573979917811485	0.06322342985907226
RUN4163	0	1703.994748216773	31.130097931864672	20250222	18:41	3585.83203125	203.0	2.801922315973022	0.051188019320480366
RUN4164	0	1845.7223308009204	29.68954297980779	20250222	19:43	3561.98828125	203.0	3.0552845288957724	0.049146071336109765
RUN4165	0	1702.6959904889793	27.697411161826597	20250222	20:46	3567.23583984375	203.0	2.8143821734331227	0.04578098536645195
RUN4166	0	1752.582270760961	31.670106796744133	20250222	21:49	3719.119384765625	203.0	2.7785363006793427	0.05020964941231408
RUN4167	0	1778.0935326903252	34.654547140130106	20250222	22:53	3818.61474609375	203.0	2.7455321752712907	0.05350965651886969
RUN4168	0	1669.3268171975963	31.859977966542154	20250223	00:02	3585.311767578125	203.0	2.745315261065061	0.05239578183712337
RUN4169	0	1769.7620881679638	32.01335688127867	20250223	01:04	3587.182373046875	203.0	2.908969790627362	0.05262056899445451
RUN4171	0	1707.9240150372746	31.483612729442296	20250223	02:57	3756.686767578125	203.0	2.6806575722493213	0.0494148358603077
RUN4172	0	2069.6174040063356	38.9439266917426	20250223	04:02	4584.388671875	203.0	2.6618674017074455	0.05008827658414723
RUN4172	1	146.61073667145803	9.934231462367855	20250223	04:02	4957.7996826171875	203.0	2.315029005386436	0.15686459602983033
RUN4173	0	1639.3520594935685	28.778109241276404	20250223	05:30	3649.192138671875	203.0	2.648825084862801	0.04649896720583829
RUN4174	0	1583.8738969492554	29.041656625791152	20250223	06:42	3579.9033203125	203.0	2.608717694393417	0.04783302740207131
RUN4179	0	1399.491988577956	27.344042255503325	20250223	12:30	3584.5673828125	203.0	2.3020324889562525	0.04497837369938966
RUN4180	0	1506.6529590090095	30.18270242898676	20250223	13:32	3584.30908203125	203.0	2.478480787895034	0.04965128011045119
RUN4183	0	1547.1341901220508	28.182331575379216	20250223	14:50	3585.994140625	203.0	2.543877468393636	0.046338836514077685
RUN4184	0	544.9080505092714	16.555234514501567	20250223	15:52	1223.7188720703125	203.0	2.6255442801476345	0.07976850634786635
RUN4185	0	1260.700425366524	29.320216305652927	20250223	16:14	3118.1943359375	207.0	2.3378260527074795	0.054371018023925695
RUN4186	0	1490.947222404397	24.216806775137606	20250223	17:09	3584.779541015625	210.0	2.3705785026796367	0.038504274787210926
RUN4187	0	1568.8549051796651	26.578079738317655	20250223	18:10	3550.023681640625	210.0	2.518871737563874	0.042672380773096825
RUN4189	0	1653.377620805192	29.290338910464985	20250223	19:18	4030.923583984375	213.5	2.299553028474423	0.040737631076559734
RUN4190	0	1288.9381568363785	27.26560405652763	20250223	20:29	3166.38037109375	220.0	2.2147266598599717	0.04684930761099617
RUN4191	0	1712.36463981642	30.52468960562507	20250223	21:25	3701.851806640625	224.0	2.4717413460773616	0.04406137315618135
RUN4197	0	1555.8567020732685	24.77292079889912	20250223	22:29	3600.689697265625	224.0	2.308924324855577	0.036763539568957816
RUN4198	0	817.5905894878001	20.15013088010403	20250224	00:00	1900.375	224.0	2.298912150860515	0.056658407419685766
RUN4199	0	1566.351278285903	26.69961163421257	20250224	00:36	3608.928955078125	224.0	2.3191916213090877	0.039532329977752294
RUN4200	0	1500.4964607829347	27.329837029390045	20250224	01:38	3581.188232421875	224.0	2.23889448635349	0.04077891753647562
RUN4202	0	1506.92597791739	31.127922051448934	20250224	03:43	3584.44921875	224.0	2.246442401744497	0.04640379487731272
RUN4203	0	1519.0499735139108	27.79484762280809	20250224	04:45	3581.87890625	224.0	2.2661411769633872	0.041464764032591264
RUN4205	0	1536.2964751504246	30.680035072056125	20250224	06:18	3582.212890625	224.0	2.2916560823213157	0.045764662040134255
RUN4206	0	1522.8624713300603	23.29620370277832	20250224	07:21	3583.20068359375	224.0	2.2709906813351144	0.03474080064057707
RUN4207	0	1374.5771883490286	26.84669406791078	20250224	08:30	3588.035400390625	224.0	2.0470960169722	0.039981574669735204
RUN4209	0	1480.868707827845	26.86174418390388	20250224	09:33	3678.415771484375	224.0	2.1512037205966053	0.03902107170249284
RUN4215	0	1447.0024197292942	26.33682424177666	20250224	11:38	3599.341552734375	224.0	2.148186571189129	0.03909904461288826
RUN4217	0	459.0877345439861	13.336686585532973	20250224	12:40	1084.9456787109375	224.0	2.2610673337598595	0.06568493146325324
RUN4222	0	1388.1887381758027	26.69476028323192	20250224	14:53	3647.776123046875	224.0	2.033509195989337	0.03910422194608556
RUN4227	0	1519.8361386705947	28.84163128604096	20250224	16:02	3594.023193359375	227.5	2.224888796143094	0.04222127680615087
RUN4233	0	1617.9772674430437	30.407311016823872	20250224	17:04	3648.50341796875	234.5	2.263542376705178	0.042539681139653555
RUN4235	0	1674.8674327962578	28.506334031724023	20250224	18:08	3568.976806640625	241.5	2.325912623318666	0.03958715828525575
RUN4236	0	2151.9494448215255	36.426973325831824	20250224	19:15	3933.624267578125	248.5	2.635036377908494	0.04460439351010403
RUN4237	0	2084.6615289218807	33.87500196741443	20250224	20:31	3690.5986328125	255.5	2.646193811072939	0.04299970010125072
RUN4238	0	2104.1201400307996	33.547298410114884	20250224	21:36	3610.197021484375	262.5	2.657566499360347	0.042371238553641215
RUN4239	0	2517.462652359781	37.72674451266231	20250224	22:40	3908.824951171875	269.5	2.860433551457914	0.042866513109993676
RUN4240	0	1904.6738221024177	35.13254067167357	20250225	00:00	3103.52294921875	273.0	2.690771525446771	0.04963245620270649
RUN4241	0	2288.4843802994847	33.038979466471375	20250225	00:59	3627.302490234375	273.0	2.7661475994195195	0.03993503059281998
RUN4242	0	2262.4423556684515	36.444456941386214	20250225	02:02	3581.212890625	273.0	2.7698646973399175	0.044618248258460155
RUN4243	0	2141.501878544041	33.836967862309066	20250225	03:05	3592.845458984375	273.0	2.613310985625014	0.04129182454648698
RUN4244	0	2218.854518694181	32.07221993534276	20250225	04:08	3580.1767578125	273.0	2.7172871240635734	0.03927676624861835
RUN4245	0	2147.2113592058686	34.797675761985964	20250225	05:10	3596.89697265625	273.0	2.617326902598605	0.04241636135598381
RUN4246	0	2225.540688876133	32.5106156077089	20250225	06:42	3580.83447265625	273.0	2.7249746372233346	0.03980632814952525
RUN4247	0	2174.2387364047804	33.111494087196256	20250225	07:46	3591.076416015625	273.0	2.6545673815220496	0.04042642175655157
RUN4248	0	2154.317510835144	30.191379756202153	20250225	08:47	3601.87646484375	273.0	2.6223585366451068	0.0367506748836103
RUN4249	0	2039.2873125035376	32.15052592149605	20250225	09:50	3586.146240234375	273.0	2.493225688784259	0.03930712295610338
RUN4251	0	2124.4009169162564	33.88492802903413	20250225	11:05	3591.278564453125	274.5	2.5794009568326164	0.04114233574478371
RUN4252	0	2093.935284330435	38.116949351954865	20250225	12:07	3604.42822265625	277.5	2.5057498016052753	0.045613414603212235
RUN4253	0	2091.471337606892	30.48583748754011	20250225	13:10	3236.58642578125	280.5	2.7574373999637682	0.04019313434796916
RUN4254	0	2239.388388244647	32.80437950702379	20250225	14:05	3627.93994140625	285.5	2.5878377209596235	0.03790874827545848
RUN4255	0	2301.3728938774057	36.424968792161415	20250225	15:05	3583.239013671875	292.5	2.6282045551945044	0.04159789539412032
RUN4256	0	1949.9802567450477	30.96248579032773	20250225	16:10	3175.53564453125	299.5	2.454088464696165	0.03896689669217349
RUN4257	0	2014.6554985609598	31.7471953596596	20250225	17:06	3169.32373046875	303.0	2.5111079386632826	0.039570355504888396
RUN4258	0	2526.086425176825	38.71687145235407	20250225	18:38	3887.24462890625	303.0	2.5670688858737063	0.039345002242650064
RUN4260	0	2265.1172805841575	37.13543443015161	20250225	19:54	3637.490966796875	306.5	2.4318238277674427	0.03986850264920883
RUN4261	0	2155.7108600314036	38.96814837657779	20250225	20:57	3450.19091796875	313.5	2.385523259117479	0.04312239922366636
RUN4262	0	2482.2501553428883	32.97949592197071	20250225	21:58	3749.978515625	319.0	2.483704375667507	0.03299881688088461
RUN4263	0	2033.8148034170438	33.70439631612402	20250225	00:00	3098.9580078125	327.0	2.402269782976461	0.03981043538853877
RUN4264	0	2494.3821257495683	39.22888828780704	20250226	00:11	3915.956298828125	332.5	2.2930172302765675	0.03606204351769287
RUN4265	0	2360.9877922759288	36.32644280814287	20250226	01:20	3623.8369140625	339.5	2.29699017100847	0.035341767691890597
RUN4266	0	2392.3653338672507	33.923869224787396	20250226	02:23	3655.8173828125	346.5	2.2605472379350116	0.03205468152817537
RUN4267	0	2373.639246764518	28.912705305049858	20250226	03:26	3627.058837890625	353.5	2.2158712045687747	0.026990972288215925
RUN4268	0	2439.5934608656275	35.74413206584924	20250226	04:29	3580.399169921875	360.5	2.262322747276641	0.033146819071050604
RUN4270	0	2405.530843026155	35.28183559868364	20250226	06:35	3583.771728515625	367.5	2.186185782776861	0.032064709375781666
RUN4271	0	2132.7979365094843	33.402383639432294	20250226	07:42	3239.083740234375	374.5	2.1045029185667956	0.032959246937062314
RUN4278	0	2407.5429267777276	46.056979322234554	20250226	12:20	3586.2265625	409.5	1.9622585444213545	0.037538562739669136
RUN4279	0	2462.027373127662	45.97538747629178	20250226	13:25	3580.37548828125	416.5	1.9761645973063466	0.03690248697871742
RUN4290	0	2518.4879992207293	41.00472738594148	20250226	17:22	3672.135986328125	434.5	1.889318459697731	0.030760912265257324
RUN4295	0	3663.3264226018127	38.579543500467466	20250226	18:31	5392.97998046875	451.9863499620226	1.7988514871280443	0.018944222051947984
RUN4295	1	3625.903015338401	49.45198060292282	20250226	18:31	10827.9248046875	462.5542982313368	1.7263630880108487	0.02354505169630048
RUN4295	2	2588.443650800563	41.39984184750397	20250226	18:31	14543.272216796875	469.77858486599393	1.7750880018489132	0.0283909454699615
RUN4300	0	3746.6829646038477	56.32890035595687	20250227	00:00	5627.45654296875	490.9422766113281	1.6232229788558785	0.02440408390442504
RUN4300	1	2573.3918428263114	36.38270551175798	20250227	00:00	9538.1044921875	498.5463142903646	1.579885116064994	0.022336472030265096
RUN4301	0	3807.211325510396	47.45512131275207	20250227	02:40	5465.13427734375	508.12664998372395	1.6409977746146753	0.020454275271377487
RUN4301	1	3442.003141417169	50.13741835944338	20250227	02:40	10820.22216796875	518.5393208821614	1.4836681822872062	0.021611628259961796
RUN4302	0	3634.0353707494523	49.07410895834126	20250227	06:41	5442.46875	536.5	1.4908547418489564	0.02013254153535304
RUN4302	1	3631.43866709357	56.097743850904706	20250227	06:41	10891.13818359375	543.5	1.4592546970536455	0.022542276963213176
RUN4302	2	2443.0563798823896	45.520224289193735	20250227	06:41	14384.243896484375	550.5	1.5125230201852453	0.02818207049512119
RUN4306	0	878.4315046663908	17.4715142470565	20250227	17:52	1359.88720703125	613	1.3436907290503037	0.026725261550308254
RUN4307	0	2430.177792565961	39.14635862840013	20250227	18:20	3671.4755859375	620.5	1.3069906603874841	0.021053572817598388
RUN4308	0	2329.6768194148754	39.33382445906709	20250227	19:26	3627.453125	627.5	1.2557528093073567	0.021201893822200484
RUN4309	0	2691.1137182759626	36.633189255203746	20250227	20:29	4451.75830078125	635.5	1.1686582600051014	0.015908535905666186
RUN4310	0	3173.9609805138894	38.639858776505136	20250227	21:45	5151.908203125	654.5175992838542	1.13003214774505	0.013757031945209962
RUN4310	1	1694.8855245240798	34.44635849274002	20250227	21:45	7997.53662109375	660.0507656521268	1.083336815653102	0.022017421106271293
RUN4311	0	3087.5923192308783	44.099060971866365	20250228	01:46	5184.654296875	681.0812722439236	1.0497354644991126	0.014993024812553065
RUN4311	1	3073.2021567292963	37.957044476438895	20250228	01:46	10422.7314453125	691.2664222547744	1.0189489756299996	0.01258501381125269
RUN4311	2	2188.8748438719404	24.680104498236908	20250228	01:46	14358.088623046875	698.9185056559246	0.9554080473707586	0.010772461711815586
RUN4312	0	3009.0769035191524	37.14901841182507	20250228	05:49	5239.6923828125	708.6882907443577	0.9728612368083064	0.012010606959255685
RUN4312	1	2347.768232828043	32.99035561020787	20250228	05:49	9300.10595703125	716.5835393608942	0.9687166926357599	0.013612207426924011
RUN4315	0	1548.5313836121893	28.889905162374774	20250228	09:06	2548.84521484375	721.0	1.0116259106759913	0.018873222027348747
RUN4316	0	644.3132919318427	14.566091040218211	20250228	10:20	1015.6587524414062	729.0	1.0447211988835048	0.023618175016933834
RUN4321	0	2733.659350381002	39.85585680364725	20250228	12:06	4014.0634765625	749.3051234266493	1.0911390959139788	0.01590845017084792
RUN4321	1	1881.0555566645505	34.32887428570137	20250228	12:06	6648.3310546875	754.4273103841145	1.1363261327058596	0.020737716554414944
RUN4328	0	2138.425865372497	32.245293789226956	20250228	16:30	3034.65966796875	773.5	1.0937109198546242	0.01649205170133629
RUN4330	0	2702.3360502693595	39.78420851768912	20250228	17:45	3611.417236328125	787.5222001817491	1.1407160267311443	0.01679379744884731
RUN4330	1	2868.4196806172413	35.26936664463177	20250228	17:45	7353.575439453125	794.7986189100477	1.1578228233893302	0.014236298106438106
RUN4330	2	2969.8263062194733	42.091978138733445	20250228	17:45	11153.722900390625	802.1877945285373	1.1695888272147457	0.01657683051811172
RUN4330	3	2646.6697976245073	37.31112647465774	20250228	17:45	14817.361572265625	809.3115363905165	1.0716428136186231	0.01510736269045347
RUN4332	0	2999.8333021723724	38.583202362240186	20250228	21:55	3816.9775390625	817.4219007703994	1.1542766452120188	0.01484605472976511
RUN4332	1	2827.047897958507	42.19813854426082	20250228	21:55	7482.114990234375	824.5485569254558	1.1230661166813853	0.01676352905810641
RUN4333	0	2782.3647378186656	33.84302539933847	20250301	01:56	3897.295166015625	845.5780739339193	1.0136212553345845	0.012329084473839165
RUN4333	1	2745.449445729002	39.80524759804021	20250301	01:56	7756.781494140625	853.0826306830512	1.0010862698251755	0.014514376470992926
RUN4333	2	2901.9293681635404	35.214168009160495	20250301	01:56	11653.460205078125	860.6595059543185	1.0388181506353398	0.01260579161187106
RUN4333	3	2047.6433845008921	29.42363823864628	20250301	01:56	14357.38916015625	865.9171455891927	1.0499324713020244	0.015087018298417566
RUN4334	0	2853.3739367320436	36.96524424209774	20250301	05:58	3914.783935546875	874.1120798746745	1.00106535298778	0.012968726180304396
RUN4334	1	2747.7422487734016	37.407556607738584	20250301	05:58	7814.38525390625	881.6946379937066	0.9594365155865945	0.013061696665456323
RUN4334	2	2734.092377826862	37.43696418480512	20250301	05:58	11699.702392578125	889.2494213189019	0.9500397556502328	0.013008559840501135
RUN4335	0	1842.508247286092	30.03002765524334	20250301	09:22	2449.258056640625	894.2624462212457	1.0099236956296402	0.0164601903704448
RUN4358	0	2878.5041561417484	40.92536575310917	20250301	14:03	3971.75634765625	897.7228595648871	0.9692161420190736	0.013779908922943626
RUN4358	1	2397.1135115774846	37.79179562952403	20250301	14:03	7406.953369140625	904.4024093288846	0.9263047666776125	0.014603697431873876
RUN4360	0	2264.8865843473627	41.70535698997308	20250301	16:14	3439.088134765625	911.1871158175999	0.8677092827237615	0.015977897370051192
RUN4360	1	2319.96944344794	30.575531513861282	20250301	16:14	6930.9228515625	917.9767944335938	0.8689114970752425	0.011451629648231886
RUN4360	2	2293.596536054249	31.96508006384408	20250301	16:14	10374.3994140625	924.6724433051215	0.8647899575861538	0.012052285481824562
RUN4360	3	2219.178068360081	35.2753777260477	20250301	16:14	13803.987060546875	931.3410859510634	0.834103884133316	0.013258660940764154
RUN4364	0	3214.533316081673	44.98980181560635	20250302	02:47	4621.78173828125	988.4867978244357	0.8447268252621778	0.01182258471758397
RUN4364	1	3168.986048351367	38.24976235838563	20250302	02:47	9258.017578125	997.5017008463541	0.8226589418595845	0.009929519583874542
RUN4364	2	3156.7056293852515	47.94572850843041	20250302	02:47	13922.00390625	1006.5705631510416	0.8072559427618822	0.012261033752461643
RUN4365	0	3056.7240365224357	37.28844701921764	20250302	06:50	4650.2890625	1017.0422287326389	0.7759182325205267	0.009465292109752513
RUN4365	1	3113.116761348718	41.934881322968884	20250302	06:50	9331.97998046875	1026.1455166286892	0.7779691569695735	0.010479544061917957
RUN4365	2	3048.475616229955	32.111053163432544	20250302	06:50	14024.94140625	1035.2707194010416	0.7532869960101821	0.007934732575004044
RUN4404	0	2815.6775289329157	38.97946532558448	20250302	17:47	4438.46875	1092.1303559027779	0.6973550175660961	0.009653991072316303
RUN4404	1	1240.5321859871583	22.601063721152837	20250302	17:47	6338.7969970703125	1095.8254386054145	0.7151821969232047	0.013029793654271819
RUN4416	0	2289.920721550908	34.12410130775088	20250302	21:31	3691.621826171875	1117.1781535508896	0.6665910338399936	0.009933453047312687
RUN4416	1	2159.7477636291715	30.30686221243959	20250302	21:31	7358.7001953125	1124.3085837131075	0.6288918627924092	0.00882498380280604
RUN4416	2	940.0189134019515	21.304392875840286	20250302	21:31	8820.41796875	1127.1508127170137	0.6849670741487642	0.015523951110588156
RUN4417	0	2180.6490889520383	32.517633200584974	20250303	01:35	3664.203369140625	1145.12483988444	0.6239244996533047	0.009303903194408415
RUN4417	1	2244.690028574518	30.256855793715417	20250303	01:35	7381.257568359375	1152.3524452718098	0.6291450965394332	0.008480437038964133
RUN4417	2	2252.3309013759563	36.309517615961894	20250303	01:35	11081.092529296875	1159.546568806966	0.6302898428358902	0.010160816129473149
RUN4417	3	1914.134970487606	29.117585533381323	20250303	01:35	14395.52001953125	1165.9912889268662	0.5946307851569191	0.009045450302377406
RUN4418	0	2277.6227181726827	39.70642676880349	20250303	05:35	3632.816162109375	1173.0638092041015	0.6416458487330065	0.011185989541175738
RUN4418	1	2203.969242996897	31.900329033965644	20250303	05:35	7315.69189453125	1180.2249564615886	0.6087406880068579	0.008810934320197649
RUN4418	2	1946.8128304383904	28.463277093123658	20250303	05:35	10610.688720703125	1186.6318947347006	0.5977668708431243	0.008739619862719901
RUN4419	0	1189.9152785833794	20.785209499907694	20250303	12:22	1996.055908203125	1197.881219821506	0.597459186959566	0.010436301299856725
